home 
83.1018,25.6006,232.9218
83.1018,25.6006,232.9218
83.1018,25.6006,232.9218
83.1018,25.6006,232.9218
83.1018,25.6006,232.9218
83.1018,25.6006,232.9218

conn 5 needle 18
161.2474,268.9572,-56.2933
161.3458,268.9047,-56.2894
162.3061,268.2274,-56.3883
163.0436,268.5323,-56.2294
164.1372,268.3314,-56.0894
163.9304,270.4926,-56.2476
163.9304,270.4926,-56.2476
162.8756,271.0253,-56.0793
161.7697,271.4538,-56.2850
161.3713,271.4843,-56.4742
160.4215,269.8266,-56.7192
160.4215,269.8266,-56.7192
161.2239,268.9406,-56.3269
162.5874,267.4819,-56.6829
164.4860,268.2368,-56.4940
164.0119,269.4207,-56.1792
163.1427,270.4213,-56.2418
163.1427,270.4213,-56.2418
161.0679,270.7860,-56.2531
162.1061,269.4072,-56.4431
163.6223,269.2353,-56.5580
162.2191,270.6411,-56.5292
162.2191,270.6411,-56.5292
159.7404,268.4180,-56.5664
163.5878,267.9836,-56.4487
164.3740,270.7586,-56.2783
160.7530,270.9756,-55.9915
160.6288,269.5837,-56.3261
160.6288,269.5837,-56.3261
162.7150,268.5583,-55.9007
162.0139,270.2368,-55.7540
161.7367,269.3525,-55.9422
161.5387,269.8868,-55.8087

dumbie 18
165.8391,270.7028,-61.0815
166.0103,270.3843,-61.2797
166.1057,270.7744,-61.4290
166.4118,271.1196,-61.4599

needle 19
168.5792,273.9181,-51.7510
170.0610,274.7272,-51.4355
170.4556,273.9658,-51.3992
171.3908,274.5363,-51.5783
171.6178,275.8178,-51.8593
170.4261,276.3441,-52.1584
170.1658,276.9727,-51.5643
170.1658,276.9727,-51.5643
169.3519,276.8151,-51.7226
169.1449,277.4259,-51.7880
168.4061,276.9578,-51.7095
168.2543,276.0223,-51.8819
167.9803,275.6226,-51.4873
167.8635,274.5565,-51.9463
167.8635,274.5565,-51.9463
168.9770,273.8376,-51.3504
169.4583,272.6794,-51.2499
170.8362,273.4583,-51.7436
172.5550,274.7628,-51.4921
172.5550,274.7628,-51.4921
171.7606,277.0297,-51.2891
170.1739,277.3755,-51.2386
169.5864,277.5732,-50.6787
168.7186,276.8949,-51.5542
169.0634,275.9042,-51.4479
169.0634,275.9042,-51.4479
169.7161,274.7379,-51.2332
168.7571,276.3766,-51.4398
169.8449,275.8616,-51.7224
170.9404,275.5160,-51.8497
169.3974,276.2733,-52.1857
169.1937,275.0434,-52.3647
169.1937,275.0434,-52.3647
168.6692,275.6497,-51.9258
169.5363,274.1971,-51.8307
169.8365,274.6781,-51.5108

dumbie 19
171.8997,276.8503,-57.0308
171.9032,276.8979,-57.0150
172.0607,276.8597,-56.9120

needle 11
conn 1
136.9486,259.3826,-72.2602
136.9486,259.3826,-72.2602
137.6524,258.7834,-70.7126
138.6700,257.9753,-70.6446
139.3816,258.7122,-70.1890
138.9422,258.7347,-70.1229
140.0067,259.6836,-70.0631
138.7996,261.2325,-70.2098
137.5502,261.6268,-70.0475
136.6133,261.0881,-69.1854
136.2504,260.6887,-69.4806
136.2504,260.6887,-69.4806
136.0417,260.7973,-69.7864
135.7650,259.8877,-71.6548
136.3898,259.2389,-71.5599
136.3898,259.2389,-71.5599
136.9988,258.1838,-71.3877
139.1220,257.9064,-70.4703
139.0278,259.2487,-69.7463
137.8983,260.9460,-69.1847
137.1327,261.3672,-69.5030
137.2455,260.7044,-70.3649
137.7059,260.0647,-70.5540

dumbie 11
149.0728,261.1360,-72.1268
149.0728,261.1360,-72.1268
149.4227,261.1451,-71.9700

needle 10
154.4077,251.7573,-64.5513
154.2845,251.0550,-64.3949
156.1521,251.0331,-64.1090
156.7217,251.8209,-63.8342
157.4527,252.8871,-63.4556
156.7241,253.7844,-63.0417
154.8813,254.1862,-63.1839
154.5545,253.6278,-63.4213
154.3981,252.6139,-63.7073
154.7530,252.4159,-63.7029
154.7530,252.4159,-63.7029
155.4010,253.6700,-63.5017
153.7605,254.0670,-63.5623
153.3790,252.9901,-64.0288
153.8484,252.3766,-64.2374
154.5867,251.9482,-64.1146
155.5017,252.6012,-63.6460
155.3066,255.4692,-63.1838
153.3456,255.8939,-63.6360
153.4627,254.1609,-64.0427
153.0300,253.4919,-64.2974
152.8896,252.4122,-64.5676
153.2599,250.7564,-64.8497
154.4643,250.4361,-64.8346
156.4328,251.2217,-64.5717
155.7769,251.6279,-64.3688
154.8601,252.0358,-64.0813
155.6198,252.5162,-63.9122
156.1252,251.1173,-63.9770
154.2302,251.4204,-64.2841

dumbie 10
160.6878,253.2382,-68.4452
160.5158,253.1268,-68.4195
160.3947,252.9585,-68.3953
160.4482,253.1172,-68.3017
160.6478,252.9413,-68.3054
160.2741,253.1670,-68.4176
160.4937,253.4903,-68.3458

needle 21 conn 6
143.2848,253.2555,-76.2414
143.2848,253.2555,-76.2414
143.7912,252.0534,-76.6613
144.2768,251.3749,-76.7199
144.8278,250.6218,-76.7856
145.5194,249.6566,-76.7439
146.0858,251.0146,-76.4296
145.2500,252.2179,-75.8002
143.4816,253.5873,-76.1567
142.7304,253.5667,-76.5640
142.9317,252.0555,-77.5630
143.3258,251.1099,-77.8335
143.8835,250.6659,-77.6868
145.0708,250.4052,-77.3260
145.0708,250.4052,-77.3260
145.2139,251.7447,-76.3283
144.5200,252.9064,-75.8461
143.3255,252.6578,-76.3510
143.7275,252.7156,-76.3828
143.5242,252.1202,-76.9054
143.6673,251.5321,-77.2679
144.8490,250.7758,-77.0516
145.1992,252.0945,-76.3880
145.1992,252.0945,-76.3880
144.0556,253.4410,-76.2379
143.5405,252.1871,-77.1573
144.8316,250.7402,-77.3586
145.3237,252.6637,-76.8583
143.9228,252.5501,-76.9371
143.5256,252.2688,-77.1101
143.8942,252.4701,-77.0386

dumbie 21
151.4181,254.5685,-77.4153
151.2830,254.0889,-77.4129
150.9233,254.3024,-77.3473
151.5949,253.8411,-77.5411
151.2706,253.7976,-77.5215

needle 20
152.5690,246.2608,-71.8204
152.2540,245.9133,-71.7489
152.9097,245.4545,-71.7761
153.3874,243.9367,-71.9718
153.6608,244.2219,-72.0781
153.8987,243.7741,-72.1893
154.4386,244.2655,-72.0956
155.2949,244.8247,-71.8936
155.5284,245.1626,-71.6471
155.5284,245.1626,-71.6471
155.7813,245.4518,-71.2366
156.3157,245.8707,-71.0332
155.9690,246.6967,-70.7054
155.5310,247.6093,-70.5386
154.4449,247.7063,-70.3896
154.4449,247.7063,-70.3896
153.2087,247.3664,-70.5372
153.4557,247.2525,-70.7034
153.2999,247.2223,-70.8056
153.2999,247.2223,-70.8056
152.8505,246.6336,-70.9768
153.3489,246.6940,-71.1270
153.8810,246.1797,-71.2617
154.1206,246.0721,-71.4254
154.6625,245.5182,-71.3938
154.3815,244.6829,-71.4940
153.8416,246.3189,-71.2473
153.1472,246.1510,-71.4696
152.8094,246.1729,-71.8645
152.3144,246.8159,-71.8811
152.1471,246.1566,-72.1806
152.4233,245.5730,-72.4592
153.0904,244.9560,-72.4229
153.9207,244.7017,-72.0428
154.5223,245.9101,-71.4075

dumbie 20
156.0667,248.5294,-76.0812
155.8605,247.9377,-76.0198
156.2239,248.5883,-75.8498
156.7448,248.1571,-75.7230
157.1409,248.8501,-75.6443
156.8865,247.8884,-75.4073

conn 2 needle 12
155.7093,260.7910,-57.5752
156.5180,260.4479,-57.4143
157.1670,259.6318,-57.2713
158.5311,259.7894,-57.0581
158.9490,259.8675,-56.7643
158.9490,259.8675,-56.7643
159.6842,262.3416,-56.2303
157.9706,263.4738,-55.6482
156.9457,262.3431,-55.9967
155.6039,260.6677,-56.9376
155.6039,260.6677,-56.9376
156.8318,259.5719,-57.3640
158.6145,260.0578,-57.1928
159.5546,260.2892,-56.8137
160.3936,260.9824,-56.5064
159.8280,261.4109,-56.3905
159.5989,262.3130,-56.2077
158.5808,263.3898,-56.0403
157.7492,263.5185,-56.1465
156.7715,263.0225,-56.3483
156.1070,262.2169,-56.7953
155.6831,261.1434,-57.2194
155.6831,261.1434,-57.2194
158.7947,261.2014,-56.8797
158.9962,262.4917,-56.4268
156.5244,261.3032,-56.9719
155.8088,260.3258,-57.1306
155.8088,260.3258,-57.1306
158.6690,261.2115,-56.7834
159.1344,261.7988,-56.5706
157.1417,262.2351,-56.6331
155.8280,260.9942,-57.2042
156.7290,260.5206,-57.2108
157.2102,261.1675,-56.9921
157.3059,262.8927,-56.6795
156.6814,261.3889,-56.7012
156.6814,261.3889,-56.7012

dumbie 12
165.5264,261.6364,-64.1790
165.3561,261.8464,-63.9737
165.2545,261.6964,-64.0913
164.7445,261.3492,-64.1993

needle 13
149.7889,262.3199,-65.9845
149.9903,262.6506,-65.8521
150.5692,262.1014,-65.7028
151.7312,261.4103,-65.5289
152.8479,261.2131,-65.2904
152.8479,261.2131,-65.2904
152.6929,262.2939,-64.9490
152.1839,263.7235,-64.2930
153.2890,264.1142,-63.8824
152.3607,264.4901,-63.7491
151.2336,265.1590,-64.0592
150.8153,264.8682,-64.3723
150.8153,264.8682,-64.3723
150.1949,264.4691,-64.6057
149.8969,264.0358,-64.7784
148.6496,263.1058,-65.2042
150.3768,262.4886,-65.8005
152.1396,262.2032,-65.8138
153.1209,263.2248,-65.0418
152.4566,264.7872,-64.7476
151.0824,264.8958,-64.8570
150.4966,264.7832,-64.9715
149.3506,263.5714,-65.9061
150.0593,262.5029,-66.1515
150.3993,262.2792,-66.3937
151.2804,261.1833,-66.3899
151.2804,261.1833,-66.3899
150.9461,261.2575,-66.3742
150.7126,261.6017,-66.3861
151.7492,262.8336,-65.7228
152.0444,263.6362,-65.4052
150.6915,265.0286,-65.2822
149.6612,264.5898,-65.6361
148.5322,264.1965,-65.8744
148.9750,264.1377,-66.1944
148.9750,264.1377,-66.1944
148.6548,264.0535,-66.7019

dumbie 13
148.2487,267.9724,-68.9325
149.1534,267.8953,-68.8365
149.2090,267.9291,-68.8317
149.7368,267.7017,-68.5682
149.2203,267.4854,-68.7691
148.9956,268.0382,-68.6725
148.8928,268.0953,-68.6725
148.6539,267.9379,-68.6958

conn 3 needle 15
144.6534,278.8942,-60.7917
144.5642,278.8725,-61.1388
144.5415,278.8408,-60.9733
144.2805,278.2990,-61.4559
144.2641,277.7766,-61.3866
144.4215,277.3214,-61.4585
143.5733,276.5174,-61.5660
143.5157,276.1527,-61.6559
142.9169,274.7699,-62.1544
143.7339,274.5825,-61.6906
144.9061,274.2739,-61.1892
145.8320,275.0877,-60.4466
146.3777,274.9959,-60.2573
146.3777,274.9959,-60.2573
146.4271,275.7218,-60.0352
146.2271,277.5259,-59.8683
146.1187,277.7657,-59.6276
144.5431,278.3622,-59.7347
144.2573,278.8927,-60.1596
143.6614,278.8342,-60.4997
143.6614,278.8342,-60.4997
143.3402,278.3537,-60.5289
142.9765,276.7667,-61.1906
143.1854,275.8740,-61.4376
143.1854,275.8740,-61.4376
145.5759,274.2828,-60.7147
145.5759,274.2828,-60.7147
146.1932,275.1798,-60.3685
146.7486,275.6104,-60.2462
146.4655,276.6169,-60.2276
147.3812,277.2132,-59.6741
145.5080,278.2280,-59.8816
145.5080,278.2280,-59.8816
144.4089,278.3604,-60.3065
145.0749,277.0220,-60.4933
144.4881,277.0282,-60.7931
144.4881,277.0282,-60.7931
145.3928,275.6664,-60.8725
144.9187,275.7982,-60.9827

dumbie 15
150.3255,278.1028,-62.8440
150.6749,278.5802,-62.7296
151.1172,278.1476,-62.6527
151.5981,278.3344,-62.4323
151.8262,278.0165,-62.3556

needle 14 conn 3
157.4375,267.5530,-55.0214
157.5080,266.5919,-56.4115
159.0520,267.1011,-56.2598
159.7033,266.9950,-56.1629
160.4916,269.1243,-55.0726
160.4916,269.1243,-55.0726
160.2079,269.6935,-55.0262
160.7094,269.4410,-54.9106
161.1463,269.6671,-54.8291
161.2956,270.3539,-54.6284
161.0915,271.0559,-54.5476
160.8512,271.5524,-54.4926
159.4479,271.9902,-54.6112
158.3387,272.5585,-54.4963
157.9224,272.0217,-54.8953
157.2174,272.5564,-54.8531
156.2623,271.3585,-55.3632
156.3669,271.3336,-55.5798
156.0313,270.3855,-55.8195
156.5722,270.4740,-55.7611
156.6510,269.7631,-55.9191
156.7784,269.0378,-56.0038
156.8968,267.6862,-56.3215
157.4187,267.4202,-56.1219
158.0933,267.3239,-55.9776
158.1855,266.9994,-55.7388
158.8681,268.0328,-55.4036
158.8681,268.0328,-55.4036
159.0233,268.5105,-55.0702
158.6486,268.5974,-55.0872
157.9175,269.5898,-54.8808
158.1857,269.4972,-54.9525
160.6719,269.1814,-54.7437
158.2113,270.2501,-54.7001
157.5562,270.4458,-54.6709
156.7360,271.2003,-54.7802
158.7342,272.0730,-54.4801
159.4865,271.1697,-54.3145
159.1864,271.7470,-54.6778
157.0499,271.6298,-54.9009
156.4495,271.6244,-54.9424
156.0098,272.1776,-55.0453
156.9492,271.6304,-54.1257

dumbie 14
151.8164,273.5456,-61.1765
152.2087,273.6438,-61.0459
153.0922,273.6949,-60.6985
152.5423,272.8137,-61.0929

conn 4 needle 16
157.7285,277.5089,-53.2500
158.7430,276.4502,-52.7473
159.4117,276.2228,-52.8203
159.8807,276.6167,-52.9343
160.3053,277.7562,-52.8783
160.6913,278.3332,-52.8790
161.1987,278.8726,-52.7912
160.1189,279.2250,-52.7609
160.0330,279.8091,-52.7107
159.1335,280.1202,-52.2964
157.8129,280.8875,-52.8823
157.8442,280.4388,-53.0337
157.3615,279.1433,-52.6603
157.3615,279.1433,-52.6603
157.4833,278.1945,-52.3848
157.6271,276.7619,-52.4141
158.9524,276.8504,-52.3943
159.7413,277.5243,-52.3481
158.5422,277.8273,-52.2261
157.8544,278.4821,-52.5862
157.8544,278.4821,-52.5862
159.8476,278.0974,-52.4739
159.8476,278.0974,-52.4739
160.1956,278.6646,-52.1947
158.7439,280.0020,-52.3464
158.6044,280.0877,-52.2666
158.6044,280.0877,-52.2666
159.1408,279.9063,-52.0577
159.5168,280.1247,-51.5291
159.5168,280.1247,-51.5291
159.5168,280.1247,-51.5291
160.7881,279.6577,-52.0594
160.6810,280.0423,-52.0238
160.2968,280.7053,-52.1679
159.6911,281.2311,-51.9761
158.8880,280.7141,-52.1968
159.0358,280.2918,-52.2455
157.9419,279.3340,-52.5378
157.9419,279.3340,-52.5378
157.9577,278.3870,-52.5622

dumbie 16
163.6724,280.8113,-56.5789
164.1579,281.0654,-56.0426
164.1637,280.8343,-55.9738

conn 4 needle 17
154.6987,281.7399,-51.5996
155.3899,281.3146,-51.8273
155.3899,281.3146,-51.8273
157.1765,280.5484,-51.6700
157.6067,281.4595,-51.8418
157.7294,282.2174,-51.5495
157.5426,282.9210,-51.5241
156.7247,284.0304,-51.4927
156.6394,284.3474,-51.7534
155.5162,283.8639,-52.0515
154.8991,284.4916,-51.8160
153.9424,283.6494,-52.3694
154.0467,282.4881,-52.3356
153.1238,281.4736,-52.5048
154.4260,279.8625,-52.4315
156.2171,279.5885,-52.4050
156.2171,279.5885,-52.4050
157.0931,280.9349,-51.8344
157.6285,281.5773,-51.6539
157.6969,282.2128,-51.5117
157.0591,282.9103,-51.7114
156.6191,283.3698,-51.4958
155.8840,283.8761,-51.9845
154.2588,284.1172,-51.9441
154.2588,284.1172,-51.9441
153.3295,282.6121,-52.6626
154.6289,280.8177,-52.1929
154.7023,280.9897,-51.9889
154.7023,280.9897,-51.9889
155.2796,282.0928,-52.1206

dumbie 17
154.9738,282.9217,-59.2572
155.3029,282.8788,-59.4161
155.7174,283.0619,-58.9245
155.6011,283.3137,-59.0789

sock
yl gy
177.3687,228.5354,-65.1674
176.8885,227.8168,-65.3467
177.7114,226.8348,-63.7486
176.2495,229.1603,-64.3650
176.8827,229.5932,-64.4204
176.1414,228.9807,-64.3702
176.1716,228.9332,-64.1760

rd bu
191.5714,229.4060,-63.9151
191.8661,229.5800,-63.6539
191.7446,229.7561,-63.5653
191.6600,229.8209,-63.3728

rd yl rd
206.8080,235.9044,-67.1144
206.6623,236.0470,-67.2926
207.0455,236.3839,-67.2331
207.0972,236.0865,-67.1688
207.0972,236.0865,-67.1688

k wh
195.3801,244.8816,-62.7536
195.1945,245.2618,-62.8054
195.2861,244.9822,-62.8549

rd or wh
196.8027,257.1242,-61.7944
197.1121,256.9869,-61.7119
196.5791,256.9203,-62.0334
197.4046,257.4863,-61.9252
197.7630,257.3722,-61.9398

rd or
178.1402,249.0866,-58.1044
178.5939,249.2653,-57.9863
178.3029,248.8645,-58.0304
178.4456,249.1402,-57.9372

yl gn
167.5855,249.3679,-62.0942
168.1591,249.3695,-62.0869
168.5009,249.4681,-61.8607

gn gn
162.4909,242.3380,-67.3379
162.4340,242.1053,-67.6115
162.7191,241.9490,-67.6048
163.1902,242.6327,-67.0239
162.3655,242.6593,-67.0985

or rd
157.0025,262.3101,-61.7474
157.2655,262.0897,-61.7291
157.0272,261.8705,-61.4436
157.1120,262.0612,-61.2296

or br
157.6948,269.1814,-62.0314
158.0939,269.1681,-61.7841
158.1992,269.2275,-61.7695
158.1898,269.0109,-61.8269

br bu
170.9173,262.0800,-59.1951
171.3143,261.9979,-59.2955
171.5152,261.8665,-59.2955
171.5930,262.3401,-59.5155
170.9740,262.6160,-59.6415

rd or vi
178.4282,265.9235,-61.4088
178.3385,265.8113,-61.3094
178.3017,265.6728,-61.4053
177.9871,265.5768,-61.4359

k yl
170.1032,274.4681,-61.2929
170.2110,274.5858,-61.3885
170.3190,274.7036,-61.4839
170.3190,274.7036,-61.4839
170.6243,274.7581,-61.3374
170.6782,274.6025,-61.3703

gn k
147.7231,269.4131,-63.3958
147.8186,269.4994,-63.4994
147.6465,269.9172,-63.3853
147.9346,270.2376,-63.4448
147.9618,270.1950,-63.4445

bu k
142.1798,283.2605,-63.8329
142.2195,283.4402,-63.8302
142.3282,283.3857,-63.8302
142.1048,283.2052,-63.9569
142.5903,282.8745,-63.9836
142.4604,283.4986,-63.6791
142.5459,282.3914,-63.8669

gn bu
150.1016,295.0502,-63.8933
150.1191,294.9319,-64.0371
149.9558,294.8837,-64.0776

bu wh
145.7877,270.8976,-68.1995
145.7877,270.8976,-68.1995
145.5613,270.7520,-68.1896
145.2324,270.8825,-68.2291
145.4408,270.9988,-68.2755
145.4904,270.8507,-68.3840

vi rd
156.3603,249.7125,-77.5372
156.4558,249.8596,-77.5884
156.2465,250.0273,-77.6219

wh gy
146.8285,250.6608,-91.2972
147.4738,250.8345,-91.1224
147.5492,250.7761,-90.8590
147.6282,250.8605,-90.7594
147.6397,250.2638,-90.5721
148.5490,250.8577,-89.7634

rd br yl
199.0988,263.4683,-68.0168
198.9581,263.4797,-67.8556
198.6961,263.1150,-68.0008

occluder
149.3991,249.0389,-68.9772
148.6059,250.2751,-69.3363
148.0874,252.0312,-69.8522
148.0874,252.0312,-69.8522
146.4669,255.0335,-71.3390
146.8859,255.6787,-71.5871
148.1926,254.5136,-70.6799
148.3333,252.9636,-69.6624
148.3333,252.9636,-69.6624
151.4180,249.1636,-68.8850
151.2404,247.1812,-69.6250
153.0614,246.7939,-71.6837
151.8585,248.5439,-71.4710
151.8585,248.5439,-71.4710
153.8180,250.6552,-70.7560
152.8850,252.3756,-70.1113
151.6527,253.6985,-69.6787
149.3760,254.7330,-70.4550
147.2413,255.0858,-72.8899
146.7775,253.3019,-72.6178
146.5029,252.2213,-71.6876
146.6599,250.4327,-71.3459
148.5887,247.8330,-70.3183
149.4337,246.8169,-70.7280
151.9586,247.7565,-71.4298
152.4838,249.5262,-70.9832
151.7736,251.1000,-70.2937
150.9223,251.4677,-69.9155
151.3508,250.2542,-70.4635
150.8049,249.0376,-70.7310
150.8049,249.0376,-70.7310
160.5227,243.1145,-73.8541
161.1219,239.6146,-70.2430
158.1810,246.4123,-74.7469
157.9214,247.1937,-75.0159
156.9889,247.8200,-75.1245
156.4157,247.9064,-75.7132

LAD
150.8750,235.6470,-86.3124
151.4987,236.1955,-86.1099
152.7752,239.1625,-85.2746
152.9041,240.4104,-83.5815
152.8745,242.0876,-82.0308
153.3321,243.7310,-81.3061
154.8558,244.4656,-79.2136
157.1637,245.5125,-76.2523
158.2217,247.4309,-73.8955
159.1576,249.4454,-73.2213
160.0847,250.4361,-71.4361
159.5340,252.8369,-67.7445
158.4552,256.8307,-70.5913
158.8140,258.1703,-70.4577
159.4382,260.0969,-69.8266
159.9277,263.4050,-68.6931
160.2612,265.3525,-68.0021
161.2905,266.4068,-67.4498
162.7488,270.6205,-66.9589
163.0696,272.1812,-66.5948
164.6382,274.0669,-66.4216
166.2499,277.5373,-66.6837
167.2007,279.4339,-66.7743
169.2417,284.4590,-67.2716
170.4209,287.3247,-68.3130
169.9459,288.5964,-68.6278
170.1671,290.4177,-69.3454
170.4737,291.7233,-70.6105
170.8875,292.7309,-71.0000
170.9651,294.9273,-71.7891

Heart Surface
177.0294,215.0236,-77.5907
178.7616,216.4454,-77.5053
181.5125,218.7348,-76.4887
184.8209,221.2717,-73.8126
186.8872,222.8919,-72.7990
189.4376,223.4604,-72.5582
192.0774,224.6289,-72.7321
195.4511,225.4822,-73.5451
197.9507,226.8752,-74.2986
200.6525,228.2280,-75.5441
203.1629,229.7517,-76.5314
205.4295,233.6366,-77.9284
206.6190,235.3175,-78.6191
207.1451,238.1037,-78.6300
205.6766,241.0148,-77.8409
203.8949,240.8715,-75.3054
200.4266,237.3766,-72.8651
194.4380,235.6776,-71.5707
189.8651,232.9127,-69.5758
189.8651,232.9127,-69.5758
185.6621,230.7552,-68.9271
176.0301,227.1834,-68.6291
171.0935,225.7434,-68.8199
164.3589,225.4148,-70.1602
164.3589,225.4148,-70.1602
157.4543,225.8253,-72.5115
152.4339,226.5943,-75.3091
148.6535,228.6075,-77.9198
148.6535,228.6075,-77.9198
147.1386,231.8240,-80.1641
154.4608,235.1625,-75.4424
158.0137,236.3779,-72.0224
158.0137,236.3779,-72.0224
163.0355,238.5159,-69.1863
177.6508,241.6447,-66.7705
183.7817,243.5157,-66.9085
191.6313,246.9685,-70.2619
194.1060,250.7979,-73.8401
194.5300,254.6429,-75.0452
195.2998,257.5028,-75.7639
193.7076,259.2941,-75.8503
192.3330,259.1514,-73.4967
192.3330,259.1514,-73.4967
179.8387,251.3555,-67.6335
173.7217,249.5424,-67.2300
167.3363,247.7009,-66.6824
167.3363,247.7009,-66.6824
161.5796,246.6015,-67.1466
151.4411,246.0813,-72.5381
148.1774,246.1187,-75.5046
147.3744,245.9575,-76.7099
150.3068,247.4752,-75.1219
156.2972,249.6048,-71.1886
159.4772,251.6820,-68.1096
163.9078,254.6886,-65.6649
175.1380,258.8626,-63.9869
175.1380,258.8626,-63.9869
180.5702,261.1991,-65.8252
185.5381,264.0640,-66.8540
181.8630,268.0323,-68.1416
167.9438,267.4661,-68.2882
161.6271,265.5543,-68.3815
153.6280,265.1183,-69.0258
147.1830,263.7937,-71.6630
142.8933,264.3087,-76.8050
139.6555,264.3535,-79.1856
135.1787,264.0326,-83.6303
138.9667,265.3398,-80.3315
145.2472,265.3313,-74.7242
148.9460,264.4925,-73.0275
151.4294,266.7911,-71.7510
151.4294,266.7911,-71.7510
143.1986,270.6002,-73.4632
137.5172,272.5489,-79.2964
135.9670,273.3962,-80.9440
145.9595,269.9785,-74.5939
153.2494,270.7164,-70.3881
156.7968,274.3337,-68.7659
155.4166,278.3606,-68.3734
152.4694,280.2694,-68.5720
149.0036,280.9293,-68.7978
146.7612,279.4656,-69.8356
146.2499,279.2111,-71.9477
146.6892,281.1846,-74.9158
143.0090,280.8689,-77.5352
141.3879,281.0880,-80.1464
146.7608,279.9610,-73.2180
152.3383,278.1576,-71.8736
152.3383,278.1576,-71.8736
162.1926,285.8263,-68.6251
159.0388,287.9117,-69.4131
155.6158,287.6318,-71.3341
153.0122,288.5050,-73.5778
152.6903,289.7554,-76.4310
151.8936,292.5175,-79.7697
156.2467,291.3641,-78.3093
168.4989,289.2571,-75.9839
172.6621,284.8947,-73.6637
185.1285,271.2795,-70.5417
192.0684,265.9429,-71.3729
197.7498,259.2416,-71.7902
200.7367,252.9088,-72.8109
202.9739,248.4509,-74.7258
203.3726,243.3712,-76.6842
203.3726,243.3712,-76.6842
205.6328,235.4124,-79.7697
205.2122,232.4602,-80.9674
203.0016,227.2893,-80.5593
199.8141,225.6691,-80.1071
194.6428,223.2453,-78.6281
189.4470,221.4743,-77.4338
183.8427,220.3300,-75.2506
180.7570,220.4662,-73.8074
175.8084,225.6603,-71.9288
171.4240,232.0768,-71.3067
169.1571,237.3563,-71.5326
167.1088,241.1819,-71.3247
