   7.2990173e+01   4.4585472e+01  -7.6235390e+01
   7.1571167e+01   4.4374920e+01  -7.4962189e+01
   6.8261986e+01   4.4406071e+01  -7.6211609e+01
   6.8944641e+01   4.4703060e+01  -7.5246429e+01
   6.9541306e+01   4.3924355e+01  -7.4120010e+01
   7.1151871e+01   4.2757652e+01  -7.5444824e+01
   7.4410912e+01   4.3388332e+01  -7.3211395e+01
   7.2745934e+01   4.3473328e+01  -7.3013046e+01
   6.7290085e+01   4.4743423e+01  -7.1951904e+01
   6.5890717e+01   4.4942211e+01  -7.1240753e+01
   7.2990173e+01   4.4585472e+01  -7.6235390e+01
   7.1571167e+01   4.4374920e+01  -7.4962189e+01
   6.8261986e+01   4.4406071e+01  -7.6211609e+01
   6.8944641e+01   4.4703060e+01  -7.5246429e+01
   6.9541306e+01   4.3924355e+01  -7.4120010e+01
   7.1151871e+01   4.2757652e+01  -7.5444824e+01
   7.4410912e+01   4.3388332e+01  -7.3211395e+01
   7.2745934e+01   4.3473328e+01  -7.3013046e+01
   6.7290085e+01   4.4743423e+01  -7.1951904e+01
   6.5890717e+01   4.4942211e+01  -7.1240753e+01
   7.2990173e+01   4.4585472e+01  -7.6235390e+01
   7.1571167e+01   4.4374920e+01  -7.4962189e+01
   6.8261986e+01   4.4406071e+01  -7.6211609e+01
   6.8944641e+01   4.4703060e+01  -7.5246429e+01
   6.9541306e+01   4.3924355e+01  -7.4120010e+01
   7.1151871e+01   4.2757652e+01  -7.5444824e+01
   7.4410912e+01   4.3388332e+01  -7.3211395e+01
   7.2745934e+01   4.3473328e+01  -7.3013046e+01
   6.7290085e+01   4.4743423e+01  -7.1951904e+01
   6.5890717e+01   4.4942211e+01  -7.1240753e+01
   7.2990173e+01   4.4585472e+01  -7.6235390e+01
   7.1571167e+01   4.4374920e+01  -7.4962189e+01
   6.8261986e+01   4.4406071e+01  -7.6211609e+01
   6.8944641e+01   4.4703060e+01  -7.5246429e+01
   6.9541306e+01   4.3924355e+01  -7.4120010e+01
   7.1151871e+01   4.2757652e+01  -7.5444824e+01
   7.4410912e+01   4.3388332e+01  -7.3211395e+01
   7.2745934e+01   4.3473328e+01  -7.3013046e+01
   6.7290085e+01   4.4743423e+01  -7.1951904e+01
   6.5890717e+01   4.4942211e+01  -7.1240753e+01
   7.2990173e+01   4.4585472e+01  -7.6235390e+01
   7.1571167e+01   4.4374920e+01  -7.4962189e+01
   6.8261986e+01   4.4406071e+01  -7.6211609e+01
   6.8944641e+01   4.4703060e+01  -7.5246429e+01
   6.9541306e+01   4.3924355e+01  -7.4120010e+01
   7.1151871e+01   4.2757652e+01  -7.5444824e+01
   7.4410912e+01   4.3388332e+01  -7.3211395e+01
   7.2745934e+01   4.3473328e+01  -7.3013046e+01
   6.7290085e+01   4.4743423e+01  -7.1951904e+01
   6.5890717e+01   4.4942211e+01  -7.1240753e+01
   7.2990173e+01   4.4585472e+01  -7.6235390e+01
   7.1571167e+01   4.4374920e+01  -7.4962189e+01
   6.8261986e+01   4.4406071e+01  -7.6211609e+01
   6.8944641e+01   4.4703060e+01  -7.5246429e+01
   6.9541306e+01   4.3924355e+01  -7.4120010e+01
   7.1151871e+01   4.2757652e+01  -7.5444824e+01
   7.4410912e+01   4.3388332e+01  -7.3211395e+01
   7.2745934e+01   4.3473328e+01  -7.3013046e+01
   6.7290085e+01   4.4743423e+01  -7.1951904e+01
   6.5890717e+01   4.4942211e+01  -7.1240753e+01
   7.2990173e+01   4.4585472e+01  -7.6235390e+01
   7.1571167e+01   4.4374920e+01  -7.4962189e+01
   6.8261986e+01   4.4406071e+01  -7.6211609e+01
   6.8944641e+01   4.4703060e+01  -7.5246429e+01
   6.9541306e+01   4.3924355e+01  -7.4120010e+01
   7.1151871e+01   4.2757652e+01  -7.5444824e+01
   7.4410912e+01   4.3388332e+01  -7.3211395e+01
   7.2745934e+01   4.3473328e+01  -7.3013046e+01
   6.7290085e+01   4.4743423e+01  -7.1951904e+01
   6.5890717e+01   4.4942211e+01  -7.1240753e+01
   7.2990173e+01   4.4585472e+01  -7.6235390e+01
   7.1571167e+01   4.4374920e+01  -7.4962189e+01
   6.8261986e+01   4.4406071e+01  -7.6211609e+01
   6.8944641e+01   4.4703060e+01  -7.5246429e+01
   6.9541306e+01   4.3924355e+01  -7.4120010e+01
   7.1151871e+01   4.2757652e+01  -7.5444824e+01
   7.4410912e+01   4.3388332e+01  -7.3211395e+01
   7.2745934e+01   4.3473328e+01  -7.3013046e+01
   6.7290085e+01   4.4743423e+01  -7.1951904e+01
   6.5890717e+01   4.4942211e+01  -7.1240753e+01
   7.2990173e+01   4.4585472e+01  -7.6235390e+01
   7.1571167e+01   4.4374920e+01  -7.4962189e+01
   6.8261986e+01   4.4406071e+01  -7.6211609e+01
   6.8944641e+01   4.4703060e+01  -7.5246429e+01
   6.9541306e+01   4.3924355e+01  -7.4120010e+01
   7.1151871e+01   4.2757652e+01  -7.5444824e+01
   7.4410912e+01   4.3388332e+01  -7.3211395e+01
   7.2745934e+01   4.3473328e+01  -7.3013046e+01
   6.7290085e+01   4.4743423e+01  -7.1951904e+01
   6.5890717e+01   4.4942211e+01  -7.1240753e+01
   7.2990173e+01   4.4585472e+01  -7.6235390e+01
   7.1571167e+01   4.4374920e+01  -7.4962189e+01
   6.8261986e+01   4.4406071e+01  -7.6211609e+01
   6.8944641e+01   4.4703060e+01  -7.5246429e+01
   6.9541306e+01   4.3924355e+01  -7.4120010e+01
   7.1151871e+01   4.2757652e+01  -7.5444824e+01
   7.4410912e+01   4.3388332e+01  -7.3211395e+01
   7.2745934e+01   4.3473328e+01  -7.3013046e+01
   6.7290085e+01   4.4743423e+01  -7.1951904e+01
   6.5890717e+01   4.4942211e+01  -7.1240753e+01
   7.2990173e+01   4.4585472e+01  -7.6235390e+01
   7.1571167e+01   4.4374920e+01  -7.4962189e+01
   6.8261986e+01   4.4406071e+01  -7.6211609e+01
   6.8944641e+01   4.4703060e+01  -7.5246429e+01
   6.9541306e+01   4.3924355e+01  -7.4120010e+01
   7.1151871e+01   4.2757652e+01  -7.5444824e+01
   7.4410912e+01   4.3388332e+01  -7.3211395e+01
   7.2745934e+01   4.3473328e+01  -7.3013046e+01
   6.7290085e+01   4.4743423e+01  -7.1951904e+01
   6.5890717e+01   4.4942211e+01  -7.1240753e+01
   7.2990173e+01   4.4585472e+01  -7.6235390e+01
   7.1571167e+01   4.4374920e+01  -7.4962189e+01
   6.8261986e+01   4.4406071e+01  -7.6211609e+01
   6.8944641e+01   4.4703060e+01  -7.5246429e+01
   6.9541306e+01   4.3924355e+01  -7.4120010e+01
   7.1151871e+01   4.2757652e+01  -7.5444824e+01
   7.4410912e+01   4.3388332e+01  -7.3211395e+01
   7.2745934e+01   4.3473328e+01  -7.3013046e+01
   6.7290085e+01   4.4743423e+01  -7.1951904e+01
   6.5890717e+01   4.4942211e+01  -7.1240753e+01
   7.2990173e+01   4.4585472e+01  -7.6235390e+01
   7.1571167e+01   4.4374920e+01  -7.4962189e+01
   6.8261986e+01   4.4406071e+01  -7.6211609e+01
   6.8944641e+01   4.4703060e+01  -7.5246429e+01
   6.9541306e+01   4.3924355e+01  -7.4120010e+01
   7.1151871e+01   4.2757652e+01  -7.5444824e+01
   7.4410912e+01   4.3388332e+01  -7.3211395e+01
   7.2745934e+01   4.3473328e+01  -7.3013046e+01
   6.7290085e+01   4.4743423e+01  -7.1951904e+01
   6.5890717e+01   4.4942211e+01  -7.1240753e+01
   7.2990173e+01   4.4585472e+01  -7.6235390e+01
   7.1571167e+01   4.4374920e+01  -7.4962189e+01
   6.8261986e+01   4.4406071e+01  -7.6211609e+01
   6.8944641e+01   4.4703060e+01  -7.5246429e+01
   6.9541306e+01   4.3924355e+01  -7.4120010e+01
   7.1151871e+01   4.2757652e+01  -7.5444824e+01
   7.4410912e+01   4.3388332e+01  -7.3211395e+01
   7.2745934e+01   4.3473328e+01  -7.3013046e+01
   6.7290085e+01   4.4743423e+01  -7.1951904e+01
   6.5890717e+01   4.4942211e+01  -7.1240753e+01
   7.2990173e+01   4.4585472e+01  -7.6235390e+01
   7.1571167e+01   4.4374920e+01  -7.4962189e+01
   6.8261986e+01   4.4406071e+01  -7.6211609e+01
   6.8944641e+01   4.4703060e+01  -7.5246429e+01
   6.9541306e+01   4.3924355e+01  -7.4120010e+01
   7.1151871e+01   4.2757652e+01  -7.5444824e+01
   7.4410912e+01   4.3388332e+01  -7.3211395e+01
   7.2745934e+01   4.3473328e+01  -7.3013046e+01
   6.7290085e+01   4.4743423e+01  -7.1951904e+01
   6.5890717e+01   4.4942211e+01  -7.1240753e+01
   7.2990173e+01   4.4585472e+01  -7.6235390e+01
   7.1571167e+01   4.4374920e+01  -7.4962189e+01
   6.8261986e+01   4.4406071e+01  -7.6211609e+01
   6.8944641e+01   4.4703060e+01  -7.5246429e+01
   6.9541306e+01   4.3924355e+01  -7.4120010e+01
   7.1151871e+01   4.2757652e+01  -7.5444824e+01
   7.4410912e+01   4.3388332e+01  -7.3211395e+01
   7.2745934e+01   4.3473328e+01  -7.3013046e+01
   6.7290085e+01   4.4743423e+01  -7.1951904e+01
   6.5890717e+01   4.4942211e+01  -7.1240753e+01
   7.2990173e+01   4.4585472e+01  -7.6235390e+01
   7.1571167e+01   4.4374920e+01  -7.4962189e+01
   6.8261986e+01   4.4406071e+01  -7.6211609e+01
   6.8944641e+01   4.4703060e+01  -7.5246429e+01
   6.9541306e+01   4.3924355e+01  -7.4120010e+01
   7.1151871e+01   4.2757652e+01  -7.5444824e+01
   7.4410912e+01   4.3388332e+01  -7.3211395e+01
   7.2745934e+01   4.3473328e+01  -7.3013046e+01
   6.7290085e+01   4.4743423e+01  -7.1951904e+01
   6.5890717e+01   4.4942211e+01  -7.1240753e+01
   7.2990173e+01   4.4585472e+01  -7.6235390e+01
   7.1571167e+01   4.4374920e+01  -7.4962189e+01
   6.8261986e+01   4.4406071e+01  -7.6211609e+01
   6.8944641e+01   4.4703060e+01  -7.5246429e+01
   6.9541306e+01   4.3924355e+01  -7.4120010e+01
   7.1151871e+01   4.2757652e+01  -7.5444824e+01
   7.4410912e+01   4.3388332e+01  -7.3211395e+01
   7.2745934e+01   4.3473328e+01  -7.3013046e+01
   6.7290085e+01   4.4743423e+01  -7.1951904e+01
   6.5890717e+01   4.4942211e+01  -7.1240753e+01
